0
1.26
2.4106
3.4611
4.4204
5.2963
6.0961
6.8264
7.4932
8.1021
8.6581
9.1657
9.6293
10.053
10.439
10.792
11.114
11.408
11.677
11.922
12.146
12.351
12.538
12.708
12.864
13.006
13.136
13.254
13.363
13.461
13.552
13.634
13.709
13.778
13.841
13.898
13.95
13.998
14.042
14.082
14.118
14.151
14.181
14.209
14.234
14.258
14.279
14.298
14.315
14.331
14.346
14.359
14.372
14.383
14.393
14.402
14.411
14.419
14.426
14.432
14.438
14.443
14.448
14.453
14.457
14.461
14.464
14.467
14.47
14.473
14.475
14.477
14.479
14.481
14.483
14.484
14.486
14.487
14.488
14.489
14.49
14.491
14.492
14.492
14.493
14.494
14.494
14.495
14.495
14.496
14.496
14.496
14.497
14.497
14.497
14.497
14.498
14.498
14.498
14.498
