0
0.1658
0.30615
0.42495
0.52551
0.61063
0.68269
0.74368
0.79532
0.83902
0.87601
0.90733
0.93384
0.95628
0.97527
0.99135
1.005
1.0165
1.0262
1.0345
1.0415
1.0474
1.0524
1.0566
1.0602
1.0633
1.0658
1.068
1.0698
1.0714
1.0727
1.0738
1.0748
1.0756
1.0763
1.0768
1.0773
1.0777
1.0781
1.0784
1.0786
1.0788
1.079
1.0792
1.0793
1.0794
1.0795
1.0796
1.0796
1.0797
1.0797
1.0798
1.0798
1.0798
1.0799
1.0799
1.0799
1.0799
1.0799
1.0799
1.08
1.08
1.08
1.08
1.08
1.08
1.08
1.08
1.08
1.08
1.08
1.08
1.08
1.08
1.08
1.08
1.08
1.08
1.08
1.08
1.08
1.08
1.08
1.08
1.08
1.08
1.08
1.08
1.08
1.08
1.08
1.08
1.08
1.08
1.08
1.08
1.08
1.08
1.08
1.08
