0
0.035194
0.06733
0.096673
0.12347
0.14793
0.17027
0.19067
0.20929
0.2263
0.24183
0.25601
0.26896
0.28078
0.29157
0.30143
0.31043
0.31865
0.32615
0.333
0.33926
0.34497
0.35019
0.35495
0.3593
0.36327
0.3669
0.37021
0.37323
0.37599
0.37851
0.38082
0.38292
0.38484
0.38659
0.38819
0.38965
0.39098
0.3922
0.39331
0.39433
0.39526
0.3961
0.39688
0.39758
0.39823
0.39882
0.39935
0.39984
0.40029
0.4007
0.40107
0.40142
0.40173
0.40201
0.40227
0.40251
0.40272
0.40292
0.4031
0.40327
0.40342
0.40356
0.40368
0.4038
0.4039
0.404
0.40408
0.40416
0.40424
0.4043
0.40436
0.40442
0.40447
0.40451
0.40456
0.4046
0.40463
0.40466
0.40469
0.40472
0.40474
0.40477
0.40479
0.4048
0.40482
0.40484
0.40485
0.40486
0.40488
0.40489
0.4049
0.40491
0.40491
0.40492
0.40493
0.40493
0.40494
0.40495
0.40495
