0
0.00064627
0.0012166
0.0017199
0.0021641
0.0025561
0.002902
0.0032073
0.0034767
0.0037144
0.0039242
0.0041094
0.0042728
0.004417
0.0045442
0.0046565
0.0047557
0.0048431
0.0049203
0.0049884
0.0050485
0.0051016
0.0051484
0.0051897
0.0052262
0.0052583
0.0052867
0.0053118
0.0053339
0.0053534
0.0053707
0.0053859
0.0053993
0.0054111
0.0054215
0.0054308
0.0054389
0.0054461
0.0054524
0.005458
0.0054629
0.0054673
0.0054711
0.0054745
0.0054775
0.0054802
0.0054825
0.0054846
0.0054864
0.005488
0.0054894
0.0054906
0.0054917
0.0054927
0.0054936
0.0054943
0.005495
0.0054956
0.0054961
0.0054966
0.005497
0.0054973
0.0054976
0.0054979
0.0054982
0.0054984
0.0054986
0.0054987
0.0054989
0.005499
0.0054991
0.0054992
0.0054993
0.0054994
0.0054995
0.0054995
0.0054996
0.0054996
0.0054997
0.0054997
0.0054998
0.0054998
0.0054998
0.0054998
0.0054998
0.0054999
0.0054999
0.0054999
0.0054999
0.0054999
0.0054999
0.0054999
0.0054999
0.0055
0.0055
0.0055
0.0055
0.0055
0.0055
0.0055
